1111111

1. 1611111111111
1 31 1111111

1 1 11111111111
1 33 da primo

1 1811111111,11’1111111

1 1111111,1’11111111
1 56 domando

» 5111 111111111111111
» 79 1111111111,

1 8111111111

1 91 1111111111

1 92 11111111

1 124 111111 1111 111111 11 11111

1 125 01111111

1 14011 1111,11’111111.111111

1 1 11 111 questo
1 149111111111,
1 15611111 11111
1 1591111111111

1 11131 11 mondo 1 1111 11111ιί1111

1 111411

» 1811111111 111111

» 1811111 vergine romana
» 197 1111111 di 1111111111
1 199 111111 1111111

0111111111 (1) ,

lungo 111111

- 111 che

11111111111

(11111111

1 d& 1 11111 gl’ 1111111

Fam 1111

11111111

Laboribus

della 11111, 1 11111111111

11111111

11111111 ·

raccolta

11 qual 1111 111111 1111
11111111111111111

candum

11’ codd. quello

11111111111

1111111111,

1111111111

111111111.

1 gli nomini 1111 1111
1111111111

11

1111111111111

una vergine 1111111

· moneta, di 1111111111

111111 1 111111

(1) Di tutti 1111111111 1111111 correggo, 1 degli altri 1111111
¹ 111111111111111111111111111111111111 111111111111 111 111-
1111 1111111111, come 11 gravissimo 1111111. 1811, 111111 1111111111

, 11111 11 111111, 1111111111111111 1111111111(1111111111111111, 1111

111111111111111111, 11111 111111 buon 1111111111 (11111 1111111

degli scritti proprii.

 

