-263-

188888 (1) 18 88118818 888888888888 11 888188118818,888-
cereno 888181 18118. 11 8818188888818 81811811 (2) 18 18888
1 8188811188818111 1888 figliuoli (3), 8 morti quelli (4) 888
11188881118118 8888111888 quel modo che 18 881888888, ·
18 88888818 88118 8’88818888888 888 18881 (5) 8 briglie⁸
118· cavalli dentre dello 81888818 oh' 8118 avevano 18118,
88811818 non 1888888 188118 8 vergogna di 1888 8881111,
8 a dispregio de' vincitori (11) 8 888 1888188888 81 88-
18181 81188 preda di 818188 1 88881 1818188811. 1118818888
8888118188 8811818 818111 18888188 81188118818811818 88·
81888 188888 (7), 888 18888111 8818111, 888 18 mani 18·
vate (8) 8188188118 ogni cosa di 88188118 11 818818; 8,

8188888118 81818 811 8881188818 cosa, 818888 8118811888 .

(1)1)81188 88118118 188 881811. ,188888 eon 1118888 in 8811-
8818 perseveram, 18 8188888 881 881. 8118818888 8 881181188,8118-
888188 furore 18 8181188188 8811 sui 888888888811881.

(2)11811811,11 cod. 1188881188, 8 18 8188888, 1818111111 in 18888
1 8188811 8181111811.

(3) Suet· 8181111811, 11 881. 1811 1188881188.

(1) Ε 888181888111, 8888 881188. “

(5) 18881 11 8811188881188 8 11 881. Α. laqueis, lorisque il 18-
818. 0888818111888818888, 8 11 eod. B.

(11) 11 8 1118888818 118· 81881181 8181811881 18 8181888, dove 8881181
881888188818 8888118818. ⁵

(7) 118888118 18181888881811118 1811811818 18 (8888118811 nomini.

(8) 11 888 188818 81181 grave 888888 118118 8188888 118818 888-
8111118, 11 18818. 11818. Λ. 1188118 18 quel 188888 di 8881181888 ohe .
8888181181 studii ,88118 88888 1811881181 1188888818, 1818818, 1879,
181188. di pp. 11118 11518888 8111 1888181181 volgarizzamento
Dederis mulieribus 18111111881881, 188118811811 88118811. 888818-
1888181 1836. 11118 pp. 82 883 81 1818811188 118888 eva 8188
811188. 88881118 18818818 8181181888 che il sig. 1181118 88118818888
ogni volta il 8818881888888818 881 1881811 8881 qui 18 881888, come,
88811 88881 mori, 18888888818· 18 888 8881111888 18 un’ 81188, 81 888-
8818188, 88888 8188818 88881888 delle mani 188818 18 luogo 111
levate.

 

